Fit dei coseni (modello lineare):
a = 7.963854e-05 ± 1.044934e-06
b = 0.999188 ± 0.000008
d = 0.0040 ± 0.0001 m
k = 12546.5326 ± 164.6225
Chi² = 11.12
p-value = 0.1336
